UNITS MM,10000;
EDIT proj;
ADD P1 :W0.000000  -85.0000,-5.0000 85.0000,-5.0000 85.4358,-4.9810 85.8682,-4.9240 86.2941,-4.8296 86.7101,-4.6985 87.1131,-4.5315 87.5000,-4.3301 87.8679,-4.0958 88.2139,-3.8302 88.5355,-3.5355 88.8302,-3.2139 89.0958,-2.8679 89.3301,-2.5000 89.5315,-2.1131 89.6985,-1.7101 89.8296,-1.2941 89.9240,-0.8682 89.9810,-0.4358 90.0000,2.7284841e-016 89.9810,0.4358 89.9240,0.8682 89.8296,1.2941 89.6985,1.7101 89.5315,2.1131 89.3301,2.5000 89.0958,2.8679 88.8302,3.2139 88.5355,3.5355 88.2139,3.8302 87.8679,4.0958 87.5000,4.3301 87.1131,4.5315 86.7101,4.6985 86.2941,4.8296 85.8682,4.9240 85.4358,4.9810 85.0000,5.0000 -85.0000,5.0000 -85.4358,4.9810 -85.8682,4.9240 -86.2941,4.8296 -86.7101,4.6985 -87.1131,4.5315 -87.5000,4.3301 -87.8679,4.0958 -88.2139,3.8302 -88.5355,3.5355 -88.8302,3.2139 -89.0958,2.8679 -89.3301,2.5000 -89.5315,2.1131 -89.6985,1.7101 -89.8296,1.2941 -89.9240,0.8682 -89.9810,0.4358 -90.0000,-2.7284841e-016 -89.9810,-0.4358 -89.9240,-0.8682 -89.8296,-1.2941 -89.6985,-1.7101 -89.5315,-2.1131 -89.3301,-2.5000 -89.0958,-2.8679 -88.8302,-3.2139 -88.5355,-3.5355 -88.2139,-3.8302 -87.8679,-4.0958 -87.5000,-4.3301 -87.1131,-4.5315 -86.7101,-4.6985 -86.2941,-4.8296 -85.8682,-4.9240 -85.4358,-4.9810;
  BEGIN_ASSOC
    ADD N1 :F1.000000 :R0 :T12345 'net=P1_POS' 0.00, 0.00;
  END_ASSOC
ADD P1 :W0.000000  2.0000,185.0000 140.0000,185.0000 140.0000,5.0000 80.0000,5.0000 80.0000,-5.0000 145.0000,-5.0000 145.4358,-4.9810 145.8682,-4.9240 146.2941,-4.8296 146.7101,-4.6985 147.1131,-4.5315 147.5000,-4.3301 147.8679,-4.0958 148.2139,-3.8302 148.5355,-3.5355 148.8302,-3.2139 149.0958,-2.8679 149.3301,-2.5000 149.5315,-2.1131 149.6985,-1.7101 149.8296,-1.2941 149.9240,-0.8682 149.9810,-0.4358 150.0000,0.0000 150.0000,190.0000 149.9810,190.4358 149.9240,190.8682 149.8296,191.2941 149.6985,191.7101 149.5315,192.1131 149.3301,192.5000 149.0958,192.8679 148.8302,193.2139 148.5355,193.5355 148.2139,193.8302 147.8679,194.0958 147.5000,194.3301 147.1131,194.5315 146.7101,194.6985 146.2941,194.8296 145.8682,194.9240 145.4358,194.9810 145.0000,195.0000 2.0000,195.0000;
  BEGIN_ASSOC
    ADD N1 :F1.000000 :R0 :T12345 'net=P1_POS' 0.00, 0.00;
  END_ASSOC
ADD P1 :W0.000000  -80.0000,5.0000 -140.0000,5.0000 -140.0000,185.0000 -2.0000,185.0000 -2.0000,195.0000 -145.0000,195.0000 -145.4358,194.9810 -145.8682,194.9240 -146.2941,194.8296 -146.7101,194.6985 -147.1131,194.5315 -147.5000,194.3301 -147.8679,194.0958 -148.2139,193.8302 -148.5355,193.5355 -148.8302,193.2139 -149.0958,192.8679 -149.3301,192.5000 -149.5315,192.1131 -149.6985,191.7101 -149.8296,191.2941 -149.9240,190.8682 -149.9810,190.4358 -150.0000,190.0000 -150.0000,0.0000 -149.9810,-0.4358 -149.9240,-0.8682 -149.8296,-1.2941 -149.6985,-1.7101 -149.5315,-2.1131 -149.3301,-2.5000 -149.0958,-2.8679 -148.8302,-3.2139 -148.5355,-3.5355 -148.2139,-3.8302 -147.8679,-4.0958 -147.5000,-4.3301 -147.1131,-4.5315 -146.7101,-4.6985 -146.2941,-4.8296 -145.8682,-4.9240 -145.4358,-4.9810 -145.0000,-5.0000 -80.0000,-5.0000;
  BEGIN_ASSOC
    ADD N1 :F1.000000 :R0 :T12345 'net=P1_POS' 0.00, 0.00;
  END_ASSOC
ADD P1 :W0.000000  2.0000,-30.0000 85.0000,-30.0000 85.4358,-29.9810 85.8682,-29.9240 86.2941,-29.8296 86.7101,-29.6985 87.1131,-29.5315 87.5000,-29.3301 87.8679,-29.0958 88.2139,-28.8302 88.5355,-28.5355 88.8302,-28.2139 89.0958,-27.8679 89.3301,-27.5000 89.5315,-27.1131 89.6985,-26.7101 89.8296,-26.2941 89.9240,-25.8682 89.9810,-25.4358 90.0000,-25.0000 90.0000,5.0000 80.0000,5.0000 80.0000,-20.0000 2.0000,-20.0000;
  BEGIN_ASSOC
    ADD N1 :F1.000000 :R0 :T12345 'net=P1_POS' 0.00, 0.00;
  END_ASSOC
ADD P1 :W0.000000  -2.0000,-20.0000 -80.0000,-20.0000 -80.0000,5.0000 -90.0000,5.0000 -90.0000,-25.0000 -89.9810,-25.4358 -89.9240,-25.8682 -89.8296,-26.2941 -89.6985,-26.7101 -89.5315,-27.1131 -89.3301,-27.5000 -89.0958,-27.8679 -88.8302,-28.2139 -88.5355,-28.5355 -88.2139,-28.8302 -87.8679,-29.0958 -87.5000,-29.3301 -87.1131,-29.5315 -86.7101,-29.6985 -86.2941,-29.8296 -85.8682,-29.9240 -85.4358,-29.9810 -85.0000,-30.0000 -2.0000,-30.0000;
  BEGIN_ASSOC
    ADD N1 :F1.000000 :R0 :T12345 'net=P1_POS' 0.00, 0.00;
  END_ASSOC
SAVE;
