UNITS MM,10000;
EDIT proj;
ADD P1 :W0.000000  -85.0000,-5.0000 85.0000,-5.0000 85.4358,-4.9810 85.8682,-4.9240 86.2941,-4.8296 86.7101,-4.6985 87.1131,-4.5315 87.5000,-4.3301 87.8679,-4.0958 88.2139,-3.8302 88.5355,-3.5355 88.8302,-3.2139 89.0958,-2.8679 89.3301,-2.5000 89.5315,-2.1131 89.6985,-1.7101 89.8296,-1.2941 89.9240,-0.8682 89.9810,-0.4358 90.0000,2.7284841e-016 89.9810,0.4358 89.9240,0.8682 89.8296,1.2941 89.6985,1.7101 89.5315,2.1131 89.3301,2.5000 89.0958,2.8679 88.8302,3.2139 88.5355,3.5355 88.2139,3.8302 87.8679,4.0958 87.5000,4.3301 87.1131,4.5315 86.7101,4.6985 86.2941,4.8296 85.8682,4.9240 85.4358,4.9810 85.0000,5.0000 -85.0000,5.0000 -85.4358,4.9810 -85.8682,4.9240 -86.2941,4.8296 -86.7101,4.6985 -87.1131,4.5315 -87.5000,4.3301 -87.8679,4.0958 -88.2139,3.8302 -88.5355,3.5355 -88.8302,3.2139 -89.0958,2.8679 -89.3301,2.5000 -89.5315,2.1131 -89.6985,1.7101 -89.8296,1.2941 -89.9240,0.8682 -89.9810,0.4358 -90.0000,-2.7284841e-016 -89.9810,-0.4358 -89.9240,-0.8682 -89.8296,-1.2941 -89.6985,-1.7101 -89.5315,-2.1131 -89.3301,-2.5000 -89.0958,-2.8679 -88.8302,-3.2139 -88.5355,-3.5355 -88.2139,-3.8302 -87.8679,-4.0958 -87.5000,-4.3301 -87.1131,-4.5315 -86.7101,-4.6985 -86.2941,-4.8296 -85.8682,-4.9240 -85.4358,-4.9810;
  BEGIN_ASSOC
    ADD N1 :F1.000000 :R0 :T12345 'net=P1_POS' 0.00, 0.00;
  END_ASSOC
ADD P1 :W0.000000  2.0000,195.0000 145.0000,195.0000 145.0000,5.0000 80.0000,5.0000 80.0000,-5.0000 150.0000,-5.0000 150.4358,-4.9810 150.8682,-4.9240 151.2941,-4.8296 151.7101,-4.6985 152.1131,-4.5315 152.5000,-4.3301 152.8679,-4.0958 153.2139,-3.8302 153.5355,-3.5355 153.8302,-3.2139 154.0958,-2.8679 154.3301,-2.5000 154.5315,-2.1131 154.6985,-1.7101 154.8296,-1.2941 154.9240,-0.8682 154.9810,-0.4358 155.0000,0.0000 155.0000,200.0000 154.9810,200.4358 154.9240,200.8682 154.8296,201.2941 154.6985,201.7101 154.5315,202.1131 154.3301,202.5000 154.0958,202.8679 153.8302,203.2139 153.5355,203.5355 153.2139,203.8302 152.8679,204.0958 152.5000,204.3301 152.1131,204.5315 151.7101,204.6985 151.2941,204.8296 150.8682,204.9240 150.4358,204.9810 150.0000,205.0000 2.0000,205.0000;
  BEGIN_ASSOC
    ADD N1 :F1.000000 :R0 :T12345 'net=P1_POS' 0.00, 0.00;
  END_ASSOC
ADD P1 :W0.000000  -80.0000,5.0000 -145.0000,5.0000 -145.0000,195.0000 -2.0000,195.0000 -2.0000,205.0000 -150.0000,205.0000 -150.4358,204.9810 -150.8682,204.9240 -151.2941,204.8296 -151.7101,204.6985 -152.1131,204.5315 -152.5000,204.3301 -152.8679,204.0958 -153.2139,203.8302 -153.5355,203.5355 -153.8302,203.2139 -154.0958,202.8679 -154.3301,202.5000 -154.5315,202.1131 -154.6985,201.7101 -154.8296,201.2941 -154.9240,200.8682 -154.9810,200.4358 -155.0000,200.0000 -155.0000,0.0000 -154.9810,-0.4358 -154.9240,-0.8682 -154.8296,-1.2941 -154.6985,-1.7101 -154.5315,-2.1131 -154.3301,-2.5000 -154.0958,-2.8679 -153.8302,-3.2139 -153.5355,-3.5355 -153.2139,-3.8302 -152.8679,-4.0958 -152.5000,-4.3301 -152.1131,-4.5315 -151.7101,-4.6985 -151.2941,-4.8296 -150.8682,-4.9240 -150.4358,-4.9810 -150.0000,-5.0000 -80.0000,-5.0000;
  BEGIN_ASSOC
    ADD N1 :F1.000000 :R0 :T12345 'net=P1_POS' 0.00, 0.00;
  END_ASSOC
ADD P1 :W0.000000  2.0000,-30.0000 85.0000,-30.0000 85.4358,-29.9810 85.8682,-29.9240 86.2941,-29.8296 86.7101,-29.6985 87.1131,-29.5315 87.5000,-29.3301 87.8679,-29.0958 88.2139,-28.8302 88.5355,-28.5355 88.8302,-28.2139 89.0958,-27.8679 89.3301,-27.5000 89.5315,-27.1131 89.6985,-26.7101 89.8296,-26.2941 89.9240,-25.8682 89.9810,-25.4358 90.0000,-25.0000 90.0000,5.0000 80.0000,5.0000 80.0000,-20.0000 2.0000,-20.0000;
  BEGIN_ASSOC
    ADD N1 :F1.000000 :R0 :T12345 'net=P1_POS' 0.00, 0.00;
  END_ASSOC
ADD P1 :W0.000000  -2.0000,-20.0000 -80.0000,-20.0000 -80.0000,5.0000 -90.0000,5.0000 -90.0000,-25.0000 -89.9810,-25.4358 -89.9240,-25.8682 -89.8296,-26.2941 -89.6985,-26.7101 -89.5315,-27.1131 -89.3301,-27.5000 -89.0958,-27.8679 -88.8302,-28.2139 -88.5355,-28.5355 -88.2139,-28.8302 -87.8679,-29.0958 -87.5000,-29.3301 -87.1131,-29.5315 -86.7101,-29.6985 -86.2941,-29.8296 -85.8682,-29.9240 -85.4358,-29.9810 -85.0000,-30.0000 -2.0000,-30.0000;
  BEGIN_ASSOC
    ADD N1 :F1.000000 :R0 :T12345 'net=P1_POS' 0.00, 0.00;
  END_ASSOC
SAVE;
