UNITS MM,10000;
EDIT proj;
ADD P1 :W0.000000  3.0000,-0.5000 135.0000,-0.5000 135.0436,-0.4981 135.0868,-0.4924 135.1294,-0.4830 135.1710,-0.4698 135.2113,-0.4532 135.2500,-0.4330 135.2868,-0.4096 135.3214,-0.3830 135.3536,-0.3536 135.3830,-0.3214 135.4096,-0.2868 135.4330,-0.2500 135.4532,-0.2113 135.4698,-0.1710 135.4830,-0.1294 135.4924,-0.0868 135.4981,-0.0436 135.5000,0.0000 135.5000,200.0000 135.4981,200.0436 135.4924,200.0868 135.4830,200.1294 135.4698,200.1710 135.4532,200.2113 135.4330,200.2500 135.4096,200.2868 135.3830,200.3214 135.3536,200.3536 135.3214,200.3830 135.2868,200.4096 135.2500,200.4330 135.2113,200.4532 135.1710,200.4698 135.1294,200.4830 135.0868,200.4924 135.0436,200.4981 135.0000,200.5000 2.0000,200.5000 1.9564,200.4981 1.9132,200.4924 1.8706,200.4830 1.8290,200.4698 1.7887,200.4532 1.7500,200.4330 1.7132,200.4096 1.6786,200.3830 1.6464,200.3536 1.6170,200.3214 1.5904,200.2868 1.5670,200.2500 1.5468,200.2113 1.5302,200.1710 1.5170,200.1294 1.5076,200.0868 1.5019,200.0436 1.5000,200.0000 1.5019,199.9564 1.5076,199.9132 1.5170,199.8706 1.5302,199.8290 1.5468,199.7887 1.5670,199.7500 1.5904,199.7132 1.6170,199.6786 1.6464,199.6464 1.6786,199.6170 1.7132,199.5904 1.7500,199.5670 1.7887,199.5468 1.8290,199.5302 1.8706,199.5170 1.9132,199.5076 1.9564,199.5019 2.0000,199.5000 134.5000,199.5000 134.5000,0.5000 3.0000,0.5000 2.9564,0.4981 2.9132,0.4924 2.8706,0.4830 2.8290,0.4698 2.7887,0.4532 2.7500,0.4330 2.7132,0.4096 2.6786,0.3830 2.6464,0.3536 2.6170,0.3214 2.5904,0.2868 2.5670,0.2500 2.5468,0.2113 2.5302,0.1710 2.5170,0.1294 2.5076,0.0868 2.5019,0.0436 2.5000,1.0800250e-016 2.5019,-0.0436 2.5076,-0.0868 2.5170,-0.1294 2.5302,-0.1710 2.5468,-0.2113 2.5670,-0.2500 2.5904,-0.2868 2.6170,-0.3214 2.6464,-0.3536 2.6786,-0.3830 2.7132,-0.4096 2.7500,-0.4330 2.7887,-0.4532 2.8290,-0.4698 2.8706,-0.4830 2.9132,-0.4924 2.9564,-0.4981;
  BEGIN_ASSOC
    ADD N1 :F1.000000 :R0 :T12345 'net=P1_POS' 0.00, 0.00;
  END_ASSOC
ADD P1 :W0.000000  1.0000,-3.5000 3.0000,-3.5000 3.0436,-3.4981 3.0868,-3.4924 3.1294,-3.4830 3.1710,-3.4698 3.2113,-3.4532 3.2500,-3.4330 3.2868,-3.4096 3.3214,-3.3830 3.3536,-3.3536 3.3830,-3.3214 3.4096,-3.2868 3.4330,-3.2500 3.4532,-3.2113 3.4698,-3.1710 3.4830,-3.1294 3.4924,-3.0868 3.4981,-3.0436 3.5000,-3.0000 3.5000,0.0000 3.4981,0.0436 3.4924,0.0868 3.4830,0.1294 3.4698,0.1710 3.4532,0.2113 3.4330,0.2500 3.4096,0.2868 3.3830,0.3214 3.3536,0.3536 3.3214,0.3830 3.2868,0.4096 3.2500,0.4330 3.2113,0.4532 3.1710,0.4698 3.1294,0.4830 3.0868,0.4924 3.0436,0.4981 3.0000,0.5000 2.9564,0.4981 2.9132,0.4924 2.8706,0.4830 2.8290,0.4698 2.7887,0.4532 2.7500,0.4330 2.7132,0.4096 2.6786,0.3830 2.6464,0.3536 2.6170,0.3214 2.5904,0.2868 2.5670,0.2500 2.5468,0.2113 2.5302,0.1710 2.5170,0.1294 2.5076,0.0868 2.5019,0.0436 2.5000,0.0000 2.5000,-2.5000 1.0000,-2.5000 0.9564,-2.5019 0.9132,-2.5076 0.8706,-2.5170 0.8290,-2.5302 0.7887,-2.5468 0.7500,-2.5670 0.7132,-2.5904 0.6786,-2.6170 0.6464,-2.6464 0.6170,-2.6786 0.5904,-2.7132 0.5670,-2.7500 0.5468,-2.7887 0.5302,-2.8290 0.5170,-2.8706 0.5076,-2.9132 0.5019,-2.9564 0.5000,-3.0000 0.5019,-3.0436 0.5076,-3.0868 0.5170,-3.1294 0.5302,-3.1710 0.5468,-3.2113 0.5670,-3.2500 0.5904,-3.2868 0.6170,-3.3214 0.6464,-3.3536 0.6786,-3.3830 0.7132,-3.4096 0.7500,-3.4330 0.7887,-3.4532 0.8290,-3.4698 0.8706,-3.4830 0.9132,-3.4924 0.9564,-3.4981;
  BEGIN_ASSOC
    ADD N1 :F1.000000 :R0 :T12345 'net=P1_POS' 0.00, 0.00;
  END_ASSOC
ADD P1 :W0.000000  -3.0000,-0.5000 3.0000,-0.5000 3.0436,-0.4981 3.0868,-0.4924 3.1294,-0.4830 3.1710,-0.4698 3.2113,-0.4532 3.2500,-0.4330 3.2868,-0.4096 3.3214,-0.3830 3.3536,-0.3536 3.3830,-0.3214 3.4096,-0.2868 3.4330,-0.2500 3.4532,-0.2113 3.4698,-0.1710 3.4830,-0.1294 3.4924,-0.0868 3.4981,-0.0436 3.5000,-1.7053026e-017 3.4981,0.0436 3.4924,0.0868 3.4830,0.1294 3.4698,0.1710 3.4532,0.2113 3.4330,0.2500 3.4096,0.2868 3.3830,0.3214 3.3536,0.3536 3.3214,0.3830 3.2868,0.4096 3.2500,0.4330 3.2113,0.4532 3.1710,0.4698 3.1294,0.4830 3.0868,0.4924 3.0436,0.4981 3.0000,0.5000 -3.0000,0.5000 -3.0436,0.4981 -3.0868,0.4924 -3.1294,0.4830 -3.1710,0.4698 -3.2113,0.4532 -3.2500,0.4330 -3.2868,0.4096 -3.3214,0.3830 -3.3536,0.3536 -3.3830,0.3214 -3.4096,0.2868 -3.4330,0.2500 -3.4532,0.2113 -3.4698,0.1710 -3.4830,0.1294 -3.4924,0.0868 -3.4981,0.0436 -3.5000,1.0800250e-016 -3.4981,-0.0436 -3.4924,-0.0868 -3.4830,-0.1294 -3.4698,-0.1710 -3.4532,-0.2113 -3.4330,-0.2500 -3.4096,-0.2868 -3.3830,-0.3214 -3.3536,-0.3536 -3.3214,-0.3830 -3.2868,-0.4096 -3.2500,-0.4330 -3.2113,-0.4532 -3.1710,-0.4698 -3.1294,-0.4830 -3.0868,-0.4924 -3.0436,-0.4981;
  BEGIN_ASSOC
    ADD N1 :F1.000000 :R0 :T12345 'net=P1_POS' 0.00, 0.00;
  END_ASSOC
ADD P1 :W0.000000  -1.0000,200.5000 -150.0000,200.5000 -150.0436,200.4981 -150.0868,200.4924 -150.1294,200.4830 -150.1710,200.4698 -150.2113,200.4532 -150.2500,200.4330 -150.2868,200.4096 -150.3214,200.3830 -150.3536,200.3536 -150.3830,200.3214 -150.4096,200.2868 -150.4330,200.2500 -150.4532,200.2113 -150.4698,200.1710 -150.4830,200.1294 -150.4924,200.0868 -150.4981,200.0436 -150.5000,200.0000 -150.5000,0.0000 -150.4981,-0.0436 -150.4924,-0.0868 -150.4830,-0.1294 -150.4698,-0.1710 -150.4532,-0.2113 -150.4330,-0.2500 -150.4096,-0.2868 -150.3830,-0.3214 -150.3536,-0.3536 -150.3214,-0.3830 -150.2868,-0.4096 -150.2500,-0.4330 -150.2113,-0.4532 -150.1710,-0.4698 -150.1294,-0.4830 -150.0868,-0.4924 -150.0436,-0.4981 -150.0000,-0.5000 -3.0000,-0.5000 -2.9564,-0.4981 -2.9132,-0.4924 -2.8706,-0.4830 -2.8290,-0.4698 -2.7887,-0.4532 -2.7500,-0.4330 -2.7132,-0.4096 -2.6786,-0.3830 -2.6464,-0.3536 -2.6170,-0.3214 -2.5904,-0.2868 -2.5670,-0.2500 -2.5468,-0.2113 -2.5302,-0.1710 -2.5170,-0.1294 -2.5076,-0.0868 -2.5019,-0.0436 -2.5000,-1.7053026e-017 -2.5019,0.0436 -2.5076,0.0868 -2.5170,0.1294 -2.5302,0.1710 -2.5468,0.2113 -2.5670,0.2500 -2.5904,0.2868 -2.6170,0.3214 -2.6464,0.3536 -2.6786,0.3830 -2.7132,0.4096 -2.7500,0.4330 -2.7887,0.4532 -2.8290,0.4698 -2.8706,0.4830 -2.9132,0.4924 -2.9564,0.4981 -3.0000,0.5000 -149.5000,0.5000 -149.5000,199.5000 -1.0000,199.5000 -0.9564,199.5019 -0.9132,199.5076 -0.8706,199.5170 -0.8290,199.5302 -0.7887,199.5468 -0.7500,199.5670 -0.7132,199.5904 -0.6786,199.6170 -0.6464,199.6464 -0.6170,199.6786 -0.5904,199.7132 -0.5670,199.7500 -0.5468,199.7887 -0.5302,199.8290 -0.5170,199.8706 -0.5076,199.9132 -0.5019,199.9564 -0.5000,200.0000 -0.5019,200.0436 -0.5076,200.0868 -0.5170,200.1294 -0.5302,200.1710 -0.5468,200.2113 -0.5670,200.2500 -0.5904,200.2868 -0.6170,200.3214 -0.6464,200.3536 -0.6786,200.3830 -0.7132,200.4096 -0.7500,200.4330 -0.7887,200.4532 -0.8290,200.4698 -0.8706,200.4830 -0.9132,200.4924 -0.9564,200.4981;
  BEGIN_ASSOC
    ADD N1 :F1.000000 :R0 :T12345 'net=P1_POS' 0.00, 0.00;
  END_ASSOC
ADD P1 :W0.000000  -1.0000,-2.5000 -2.5000,-2.5000 -2.5000,0.0000 -2.5019,0.0436 -2.5076,0.0868 -2.5170,0.1294 -2.5302,0.1710 -2.5468,0.2113 -2.5670,0.2500 -2.5904,0.2868 -2.6170,0.3214 -2.6464,0.3536 -2.6786,0.3830 -2.7132,0.4096 -2.7500,0.4330 -2.7887,0.4532 -2.8290,0.4698 -2.8706,0.4830 -2.9132,0.4924 -2.9564,0.4981 -3.0000,0.5000 -3.0436,0.4981 -3.0868,0.4924 -3.1294,0.4830 -3.1710,0.4698 -3.2113,0.4532 -3.2500,0.4330 -3.2868,0.4096 -3.3214,0.3830 -3.3536,0.3536 -3.3830,0.3214 -3.4096,0.2868 -3.4330,0.2500 -3.4532,0.2113 -3.4698,0.1710 -3.4830,0.1294 -3.4924,0.0868 -3.4981,0.0436 -3.5000,0.0000 -3.5000,-3.0000 -3.4981,-3.0436 -3.4924,-3.0868 -3.4830,-3.1294 -3.4698,-3.1710 -3.4532,-3.2113 -3.4330,-3.2500 -3.4096,-3.2868 -3.3830,-3.3214 -3.3536,-3.3536 -3.3214,-3.3830 -3.2868,-3.4096 -3.2500,-3.4330 -3.2113,-3.4532 -3.1710,-3.4698 -3.1294,-3.4830 -3.0868,-3.4924 -3.0436,-3.4981 -3.0000,-3.5000 -1.0000,-3.5000 -0.9564,-3.4981 -0.9132,-3.4924 -0.8706,-3.4830 -0.8290,-3.4698 -0.7887,-3.4532 -0.7500,-3.4330 -0.7132,-3.4096 -0.6786,-3.3830 -0.6464,-3.3536 -0.6170,-3.3214 -0.5904,-3.2868 -0.5670,-3.2500 -0.5468,-3.2113 -0.5302,-3.1710 -0.5170,-3.1294 -0.5076,-3.0868 -0.5019,-3.0436 -0.5000,-3.0000 -0.5019,-2.9564 -0.5076,-2.9132 -0.5170,-2.8706 -0.5302,-2.8290 -0.5468,-2.7887 -0.5670,-2.7500 -0.5904,-2.7132 -0.6170,-2.6786 -0.6464,-2.6464 -0.6786,-2.6170 -0.7132,-2.5904 -0.7500,-2.5670 -0.7887,-2.5468 -0.8290,-2.5302 -0.8706,-2.5170 -0.9132,-2.5076 -0.9564,-2.5019;
  BEGIN_ASSOC
    ADD N1 :F1.000000 :R0 :T12345 'net=P1_POS' 0.00, 0.00;
  END_ASSOC
ADD P1 :W0.000000  2.0000,200.5000 1.0000,200.5000 0.9564,200.4981 0.9132,200.4924 0.8706,200.4830 0.8290,200.4698 0.7887,200.4532 0.7500,200.4330 0.7132,200.4096 0.6786,200.3830 0.6464,200.3536 0.6170,200.3214 0.5904,200.2868 0.5670,200.2500 0.5468,200.2113 0.5302,200.1710 0.5170,200.1294 0.5076,200.0868 0.5019,200.0436 0.5000,200.0000 0.5019,199.9564 0.5076,199.9132 0.5170,199.8706 0.5302,199.8290 0.5468,199.7887 0.5670,199.7500 0.5904,199.7132 0.6170,199.6786 0.6464,199.6464 0.6786,199.6170 0.7132,199.5904 0.7500,199.5670 0.7887,199.5468 0.8290,199.5302 0.8706,199.5170 0.9132,199.5076 0.9564,199.5019 1.0000,199.5000 2.0000,199.5000 2.0436,199.5019 2.0868,199.5076 2.1294,199.5170 2.1710,199.5302 2.2113,199.5468 2.2500,199.5670 2.2868,199.5904 2.3214,199.6170 2.3536,199.6464 2.3830,199.6786 2.4096,199.7132 2.4330,199.7500 2.4532,199.7887 2.4698,199.8290 2.4830,199.8706 2.4924,199.9132 2.4981,199.9564 2.5000,200.0000 2.4981,200.0436 2.4924,200.0868 2.4830,200.1294 2.4698,200.1710 2.4532,200.2113 2.4330,200.2500 2.4096,200.2868 2.3830,200.3214 2.3536,200.3536 2.3214,200.3830 2.2868,200.4096 2.2500,200.4330 2.2113,200.4532 2.1710,200.4698 2.1294,200.4830 2.0868,200.4924 2.0436,200.4981;
  BEGIN_ASSOC
    ADD N1 :F1.000000 :R0 :T12345 'net=P1_POS' 0.00, 0.00;
  END_ASSOC
SAVE;
